image_width: 1440
image_height: 1080
camera_name: narrow_stereo
camera_matrix:
  rows: 3
  cols: 3
  data: [1787.849889, 0.000000, 745.524068,
        0.000000, 1787.611462, 547.176954,
        0.000000, 0.000000, 1.000000]
distortion_model: plumb_bob
distortion_coefficients:
  rows: 1
  cols: 5
  data: [-0.142011, 0.153543, -0.000781, -0.000475, 0.000000]
rectification_matrix:
  rows: 3
  cols: 3
  data: [1.000000, 0.000000, 0.000000,
        0.000000, 1.000000, 0.000000,
        0.000000, 0.000000, 1.000000]
projection_matrix:
  rows: 3
  cols: 4
  data: [1751.628052, 0.000000, 745.378666, 0.000000,
        0.000000, 1764.653442, 546.427312, 0.000000,
        0.000000, 0.000000, 1.000000, 0.000000]
