image_width: 1440
image_height: 1080
camera_name: narrow_stereo
camera_matrix:
  rows: 3
  cols: 3
  data: [1773.543818, 0.000000, 703.510208,
        0.000000, 1773.710232, 589.539212,
        0.000000, 0.000000, 1.000000]
distortion_model: plumb_bob
distortion_coefficients:
  rows: 1
  cols: 5
  data: [-0.070544, 0.101545, 0.001099, -0.000162, 0.000000]
rectification_matrix:
  rows: 3
  cols: 3
  data: [1.000000, 0.000000, 0.000000,
        0.000000, 1.000000, 0.000000,
        0.000000, 0.000000, 1.000000]
projection_matrix:
  rows: 3
  cols: 4
  data: [1756.414795, 0.000000, 702.672032, 0.000000,
        0.000000, 1761.406494, 590.022056, 0.000000,
        0.000000, 0.000000, 1.000000, 0.000000]
