image_width: 1440
image_height: 1080
camera_name: narrow_stereo
camera_matrix:
  rows: 3
  cols: 3
  data: [1803.190150, 0.000000, 736.734913,
        0.000000, 1804.570496, 567.156846,
        0.000000, 0.000000, 1.000000]
distortion_model: plumb_bob
distortion_coefficients:
  rows: 1
  cols: 5
  data: [-0.081359, 0.125264, -0.000072, 0.000394, 0.000000]
rectification_matrix:
  rows: 3
  cols: 3
  data: [1.000000, 0.000000, 0.000000,
        0.000000, 1.000000, 0.000000,
        0.000000, 0.000000, 1.000000]
projection_matrix:
  rows: 3
  cols: 4
  data: [1784.002808, 0.000000, 736.800209, 0.000000,
        0.000000, 1791.387939, 566.888237, 0.000000,
        0.000000, 0.000000, 1.000000, 0.000000]
